3208529752
6022061569
5044726160
4928374433
4466276575
6745614046
9343680648
3969159624
7997101441
2889323141
7466386495
4302518025
8734721941
7449264876
7807684119
2594902868
5036288987
2156805321
3497793120
9898065335
4365925622
3934228178
4292210796
7953046206
6234249397
9232227713
8008321988
8459560465
8815954908
5593653432
6886171924
6674119017
7347098874
4688750636
5003762359
7426994037
8037539836
5279148994
7832263057
4872287807
8467705583
5947426036
8447364974
5424061656
5279148994
7832263057
9827504310
4894957166
3243472116
7076415193
